125.0 141.0 167.0 202.0 435.0 640.0 735.0 785.0 843.0 852.0 919.0 
 3.0 53.0 241.0 300.0 315.0 340.0 440.0 518.0 569.0 634.0 872.0 
 1.0 61.0 152.0 208.0 253.0 480.0 494.0 610.0 814.0 937.0 954.0 
 108.0 181.0 214.0 275.0 313.0 378.0 417.0 535.0 610.0 625.0 753.0 
 89.0 105.0 134.0 372.0 534.0 620.0 664.0 718.0 743.0 805.0 873.0 
 92.0 147.0 211.0 278.0 332.0 425.0 509.0 605.0 740.0 850.0 864.0 
 108.0 269.0 306.0 470.0 582.0 618.0 631.0 769.0 790.0 834.0 933.0 
 35.0 52.0 71.0 283.0 390.0 543.0 558.0 619.0 818.0 919.0 968.0 
 51.0 195.0 320.0 361.0 606.0 628.0 646.0 732.0 738.0 776.0 978.0 
 169.0 420.0 470.0 567.0 692.0 744.0 770.0 804.0 841.0 848.0 873.0 
 