138.0 191.0 323.0 435.0 481.0 489.0 499.0 534.0 642.0 776.0 860.0 963.0 
 139.0 217.0 410.0 423.0 461.0 550.0 566.0 656.0 674.0 718.0 815.0 888.0 
 161.0 179.0 277.0 316.0 378.0 424.0 469.0 584.0 647.0 735.0 851.0 881.0 
 26.0 56.0 114.0 232.0 329.0 524.0 604.0 688.0 759.0 806.0 824.0 939.0 
 24.0 169.0 211.0 278.0 438.0 463.0 480.0 564.0 661.0 860.0 928.0 946.0 
 8.0 186.0 283.0 369.0 384.0 524.0 677.0 732.0 875.0 910.0 937.0 971.0 
 83.0 121.0 137.0 211.0 259.0 332.0 580.0 622.0 697.0 757.0 824.0 989.0 
 47.0 70.0 131.0 223.0 231.0 325.0 361.0 421.0 534.0 539.0 908.0 967.0 
 151.0 274.0 491.0 532.0 543.0 567.0 718.0 731.0 847.0 865.0 894.0 913.0 
 68.0 118.0 156.0 342.0 390.0 414.0 513.0 567.0 633.0 669.0 812.0 955.0 
 