2.0 38.0 63.0 89.0 164.0 170.0 290.0 295.0 378.0 402.0 436.0 467.0 514.0 612.0 664.0 686.0 720.0 750.0 887.0 919.0 
 52.0 97.0 123.0 180.0 219.0 271.0 287.0 300.0 331.0 348.0 523.0 639.0 660.0 672.0 732.0 784.0 871.0 877.0 903.0 984.0 
 85.0 174.0 249.0 303.0 323.0 395.0 409.0 511.0 598.0 678.0 693.0 713.0 757.0 816.0 858.0 878.0 921.0 930.0 955.0 988.0 
 163.0 228.0 247.0 292.0 316.0 353.0 372.0 439.0 489.0 497.0 525.0 624.0 640.0 660.0 690.0 694.0 701.0 728.0 836.0 874.0 
 98.0 126.0 137.0 144.0 167.0 221.0 387.0 442.0 509.0 580.0 631.0 678.0 710.0 726.0 736.0 742.0 783.0 847.0 945.0 974.0 
 52.0 74.0 102.0 139.0 186.0 275.0 283.0 349.0 355.0 382.0 459.0 555.0 589.0 647.0 690.0 809.0 833.0 879.0 965.0 992.0 
 14.0 124.0 148.0 156.0 181.0 232.0 381.0 423.0 453.0 491.0 564.0 649.0 746.0 801.0 819.0 862.0 893.0 899.0 924.0 976.0 
 29.0 97.0 137.0 160.0 293.0 368.0 425.0 450.0 481.0 524.0 571.0 597.0 641.0 695.0 740.0 803.0 882.0 890.0 926.0 980.0 
 15.0 51.0 115.0 138.0 225.0 297.0 333.0 380.0 436.0 500.0 569.0 636.0 680.0 693.0 723.0 737.0 780.0 791.0 829.0 949.0 
 16.0 41.0 54.0 160.0 173.0 192.0 296.0 332.0 345.0 359.0 396.0 487.0 537.0 553.0 558.0 659.0 688.0 714.0 832.0 980.0 
 