107.0 125.0 150.0 167.0 173.0 201.0 213.0 226.0 295.0 388.0 480.0 492.0 612.0 688.0 752.0 776.0 885.0 
 67.0 97.0 151.0 220.0 229.0 374.0 418.0 455.0 553.0 572.0 627.0 659.0 666.0 694.0 839.0 865.0 954.0 
 74.0 104.0 161.0 186.0 309.0 325.0 387.0 403.0 529.0 628.0 650.0 753.0 772.0 790.0 876.0 899.0 920.0 
 14.0 34.0 62.0 75.0 139.0 256.0 292.0 356.0 366.0 421.0 461.0 514.0 547.0 556.0 579.0 749.0 762.0 
 102.0 131.0 220.0 224.0 258.0 274.0 361.0 452.0 479.0 487.0 502.0 529.0 622.0 731.0 756.0 769.0 809.0 
 16.0 21.0 105.0 249.0 428.0 447.0 521.0 537.0 586.0 683.0 701.0 767.0 787.0 844.0 857.0 884.0 949.0 
 60.0 229.0 271.0 285.0 351.0 357.0 433.0 444.0 530.0 549.0 712.0 718.0 724.0 748.0 847.0 889.0 986.0 
 22.0 33.0 80.0 167.0 183.0 242.0 253.0 328.0 400.0 423.0 480.0 513.0 623.0 656.0 679.0 937.0 969.0 
 3.0 10.0 91.0 201.0 280.0 346.0 354.0 431.0 490.0 625.0 656.0 761.0 772.0 839.0 857.0 903.0 973.0 
 3.0 20.0 63.0 73.0 152.0 156.0 355.0 372.0 459.0 477.0 662.0 762.0 812.0 896.0 924.0 931.0 948.0 
 