109.0 121.0 137.0 152.0 350.0 406.0 418.0 434.0 501.0 647.0 699.0 837.0 847.0 866.0 886.0 973.0 
 28.0 64.0 72.0 80.0 181.0 232.0 333.0 361.0 386.0 394.0 560.0 772.0 856.0 890.0 926.0 956.0 
 74.0 151.0 207.0 340.0 376.0 415.0 447.0 455.0 469.0 500.0 618.0 654.0 699.0 788.0 931.0 948.0 
 33.0 141.0 155.0 182.0 217.0 299.0 311.0 343.0 369.0 438.0 518.0 681.0 690.0 781.0 905.0 939.0 
 138.0 350.0 398.0 439.0 462.0 540.0 550.0 568.0 628.0 684.0 700.0 753.0 824.0 846.0 857.0 960.0 
 35.0 47.0 88.0 122.0 158.0 231.0 235.0 302.0 316.0 460.0 479.0 577.0 615.0 641.0 836.0 930.0 
 52.0 89.0 93.0 135.0 359.0 386.0 406.0 433.0 474.0 526.0 540.0 548.0 609.0 657.0 753.0 874.0 
 28.0 58.0 88.0 239.0 302.0 394.0 568.0 599.0 631.0 675.0 734.0 763.0 828.0 892.0 905.0 919.0 
 37.0 109.0 130.0 150.0 157.0 271.0 318.0 393.0 433.0 443.0 545.0 830.0 934.0 952.0 956.0 978.0 
 3.0 112.0 217.0 310.0 401.0 433.0 469.0 515.0 572.0 581.0 710.0 825.0 848.0 896.0 936.0 991.0 
 