22.0 147.0 204.0 250.0 326.0 478.0 553.0 573.0 654.0 688.0 714.0 754.0 818.0 829.0 877.0 891.0 912.0 924.0 963.0 
 66.0 95.0 216.0 277.0 297.0 368.0 452.0 481.0 516.0 542.0 613.0 640.0 648.0 659.0 716.0 751.0 849.0 862.0 894.0 
 52.0 103.0 114.0 158.0 175.0 182.0 265.0 307.0 327.0 331.0 424.0 437.0 515.0 550.0 760.0 809.0 868.0 927.0 939.0 
 5.0 25.0 67.0 94.0 101.0 110.0 249.0 266.0 286.0 347.0 436.0 473.0 481.0 617.0 714.0 726.0 780.0 805.0 819.0 
 17.0 30.0 65.0 113.0 122.0 130.0 152.0 168.0 264.0 316.0 396.0 412.0 544.0 567.0 637.0 706.0 756.0 967.0 996.0 
 84.0 166.0 214.0 279.0 334.0 366.0 437.0 467.0 561.0 620.0 657.0 742.0 819.0 838.0 843.0 881.0 901.0 960.0 981.0 
 84.0 140.0 222.0 310.0 353.0 398.0 455.0 516.0 527.0 535.0 629.0 713.0 817.0 844.0 850.0 907.0 954.0 968.0 978.0 
 51.0 91.0 164.0 193.0 255.0 285.0 315.0 426.0 614.0 660.0 673.0 679.0 693.0 697.0 774.0 804.0 924.0 937.0 989.0 
 66.0 94.0 141.0 182.0 199.0 253.0 286.0 291.0 353.0 393.0 494.0 580.0 658.0 679.0 739.0 824.0 849.0 935.0 981.0 
 41.0 51.0 66.0 139.0 148.0 176.0 272.0 360.0 395.0 413.0 468.0 495.0 559.0 596.0 657.0 761.0 823.0 841.0 852.0 
 