8.0 81.0 257.0 310.0 386.0 403.0 538.0 557.0 591.0 619.0 696.0 782.0 834.0 
 59.0 75.0 293.0 325.0 521.0 528.0 563.0 588.0 617.0 654.0 708.0 784.0 886.0 
 62.0 130.0 157.0 246.0 341.0 380.0 447.0 616.0 753.0 846.0 878.0 975.0 996.0 
 59.0 107.0 304.0 363.0 524.0 541.0 657.0 668.0 747.0 771.0 827.0 881.0 896.0 
 134.0 320.0 352.0 408.0 446.0 529.0 574.0 587.0 693.0 718.0 827.0 840.0 980.0 
 11.0 24.0 96.0 153.0 202.0 240.0 267.0 387.0 557.0 569.0 654.0 891.0 912.0 
 9.0 71.0 96.0 157.0 178.0 192.0 328.0 348.0 420.0 437.0 617.0 677.0 748.0 
 315.0 371.0 394.0 402.0 469.0 521.0 586.0 647.0 677.0 789.0 811.0 869.0 886.0 
 24.0 96.0 219.0 310.0 332.0 345.0 497.0 540.0 556.0 628.0 656.0 679.0 921.0 
 30.0 106.0 174.0 304.0 343.0 412.0 504.0 551.0 744.0 790.0 882.0 890.0 989.0 
 