98.0 157.0 241.0 289.0 306.0 330.0 370.0 418.0 641.0 680.0 818.0 837.0 954.0 975.0 
 57.0 98.0 162.0 327.0 380.0 475.0 659.0 669.0 692.0 755.0 808.0 864.0 893.0 956.0 
 15.0 76.0 97.0 200.0 388.0 510.0 532.0 567.0 704.0 725.0 765.0 846.0 851.0 939.0 
 66.0 151.0 165.0 249.0 270.0 282.0 319.0 383.0 414.0 501.0 518.0 544.0 727.0 832.0 
 36.0 71.0 119.0 167.0 209.0 313.0 369.0 403.0 509.0 527.0 793.0 839.0 909.0 991.0 
 42.0 114.0 173.0 239.0 346.0 363.0 387.0 592.0 645.0 665.0 859.0 891.0 965.0 979.0 
 29.0 40.0 130.0 173.0 201.0 246.0 541.0 548.0 630.0 775.0 781.0 794.0 902.0 948.0 
 2.0 10.0 101.0 109.0 137.0 177.0 327.0 568.0 598.0 619.0 738.0 763.0 829.0 872.0 
 86.0 115.0 196.0 204.0 250.0 281.0 393.0 466.0 564.0 588.0 723.0 807.0 870.0 984.0 
 203.0 290.0 486.0 507.0 550.0 571.0 610.0 667.0 699.0 727.0 837.0 897.0 941.0 952.0 
 