142.0 173.0 186.0 210.0 220.0 245.0 347.0 386.0 397.0 491.0 525.0 530.0 668.0 710.0 754.0 860.0 897.0 943.0 
 123.0 217.0 244.0 338.0 370.0 389.0 402.0 451.0 507.0 561.0 648.0 662.0 685.0 826.0 841.0 931.0 948.0 961.0 
 10.0 90.0 171.0 182.0 226.0 242.0 316.0 369.0 417.0 493.0 568.0 600.0 620.0 749.0 791.0 851.0 916.0 987.0 
 112.0 173.0 246.0 260.0 273.0 291.0 413.0 466.0 565.0 642.0 694.0 740.0 778.0 832.0 847.0 865.0 917.0 954.0 
 13.0 33.0 90.0 101.0 163.0 217.0 409.0 456.0 475.0 491.0 559.0 613.0 638.0 780.0 829.0 869.0 890.0 979.0 
 33.0 55.0 84.0 108.0 148.0 226.0 418.0 440.0 454.0 558.0 593.0 661.0 673.0 702.0 785.0 830.0 864.0 881.0 
 29.0 81.0 132.0 157.0 246.0 365.0 373.0 480.0 495.0 526.0 543.0 555.0 713.0 737.0 767.0 852.0 906.0 949.0 
 48.0 149.0 247.0 292.0 311.0 364.0 384.0 504.0 650.0 654.0 738.0 814.0 879.0 930.0 948.0 954.0 978.0 984.0 
 25.0 47.0 94.0 152.0 260.0 275.0 344.0 438.0 540.0 623.0 699.0 705.0 716.0 768.0 821.0 870.0 900.0 966.0 
 3.0 133.0 150.0 194.0 201.0 297.0 341.0 367.0 379.0 503.0 547.0 561.0 626.0 716.0 739.0 847.0 948.0 982.0 
 