246.0 277.0 332.0 386.0 452.0 460.0 539.0 719.0 784.0 
 201.0 356.0 496.0 612.0 697.0 705.0 816.0 936.0 979.0 
 149.0 380.0 477.0 551.0 606.0 912.0 930.0 948.0 963.0 
 2.0 172.0 307.0 480.0 559.0 645.0 657.0 851.0 943.0 
 124.0 202.0 357.0 381.0 455.0 588.0 793.0 923.0 983.0 
 127.0 157.0 170.0 545.0 641.0 719.0 836.0 847.0 989.0 
 53.0 78.0 250.0 390.0 509.0 558.0 685.0 763.0 934.0 
 107.0 203.0 409.0 433.0 548.0 645.0 706.0 828.0 874.0 
 88.0 227.0 499.0 638.0 686.0 716.0 746.0 882.0 985.0 
 83.0 130.0 167.0 509.0 662.0 782.0 846.0 904.0 929.0 
 