74.0 154.0 327.0 389.0 454.0 473.0 609.0 624.0 688.0 758.0 775.0 838.0 847.0 929.0 983.0 
 31.0 127.0 211.0 254.0 301.0 434.0 440.0 446.0 453.0 564.0 613.0 717.0 769.0 837.0 952.0 
 241.0 358.0 381.0 399.0 462.0 485.0 550.0 572.0 671.0 779.0 818.0 842.0 870.0 942.0 985.0 
 76.0 171.0 182.0 353.0 490.0 571.0 632.0 645.0 741.0 883.0 895.0 935.0 949.0 974.0 979.0 
 42.0 55.0 236.0 252.0 340.0 411.0 428.0 489.0 614.0 625.0 657.0 675.0 781.0 966.0 989.0 
 112.0 210.0 299.0 337.0 370.0 399.0 434.0 480.0 634.0 657.0 661.0 668.0 765.0 909.0 955.0 
 199.0 257.0 303.0 337.0 357.0 471.0 578.0 636.0 688.0 724.0 780.0 826.0 865.0 906.0 971.0 
 1.0 81.0 175.0 225.0 284.0 339.0 370.0 408.0 450.0 467.0 548.0 614.0 694.0 832.0 854.0 
 26.0 52.0 76.0 108.0 190.0 254.0 281.0 312.0 419.0 641.0 692.0 713.0 795.0 944.0 970.0 
 22.0 37.0 89.0 215.0 241.0 266.0 275.0 525.0 612.0 642.0 683.0 821.0 962.0 979.0 987.0 
 