120.0 145.0 204.0 419.0 447.0 516.0 573.0 676.0 888.0 974.0 
 258.0 287.0 317.0 347.0 451.0 535.0 550.0 672.0 697.0 836.0 
 154.0 238.0 369.0 411.0 572.0 628.0 677.0 749.0 928.0 953.0 
 19.0 135.0 196.0 406.0 561.0 575.0 856.0 867.0 926.0 992.0 
 204.0 287.0 364.0 449.0 469.0 616.0 750.0 819.0 932.0 968.0 
 47.0 464.0 487.0 504.0 608.0 625.0 681.0 704.0 908.0 933.0 
 85.0 100.0 178.0 351.0 394.0 483.0 525.0 590.0 782.0 839.0 
 213.0 239.0 252.0 274.0 281.0 351.0 492.0 665.0 740.0 921.0 
 58.0 187.0 410.0 556.0 628.0 648.0 688.0 777.0 792.0 923.0 
 262.0 296.0 350.0 360.0 454.0 539.0 583.0 856.0 914.0 971.0 
 